2.520329
4.952023
1.773655
0.939066
2.252969
5.443547
0.485991
3.849190
1.124455
1.843253
10.007497
8.440686
19.380237
17.165794
9.574063
1.818295
5.396912
3.634007
4.542532
2.176595
0.035090
0.845890
0.559530
0.739875
3.559971
0.737271
6.072779
0.192604
0.563092
2.975578
3.585591
0.175295
5.760212
9.161654
4.598322
12.682171
0.453429
7.884493
2.644029
7.104235
0.299020
10.475678
1.918945
2.121377
0.871925
12.330737
10.452332
1.849737
0.888219
14.687390
8.189621
7.057199
9.250116
0.212688
3.609896
2.609825
4.809237
0.220699
5.178623
5.697927
3.748026
5.223627
0.472155
2.423172
3.488846
11.234493
9.503489
6.976118
14.315529
6.556435
1.530104
3.283310
3.227892
16.652298
1.923637
6.290560
11.703243
1.891422
0.719233
11.523228
2.523193
14.734125
0.361118
3.168783
0.897217
1.897316
1.018009
6.752386
2.692280
1.968756
1.037149
11.934843
23.843679
5.968666
14.653072
14.027538
0.308819
4.440594
0.784607
9.660015
2.833385
1.142921
1.934395
5.872993
3.896484
5.600853
1.304111
11.851158
5.643139
0.400372
0.022316
0.193348
2.483826
0.709362
1.203632
0.511265
0.039883
0.914497
2.306271
5.970840
14.378357
21.136436
10.893288
3.818550
0.069866
3.818035
7.941113
3.899517
2.142048
5.673294
5.533848
2.176666
1.502953
0.178413
12.968102
9.300785
9.475708
2.175522
0.334225
0.870094
2.311649
10.868511
9.332027
0.803833
3.969669
4.087372
0.968285
0.244961
3.361816
8.328323
0.194836
3.696728
0.828323
2.440281
0.165653
2.923508
4.061852
6.668758
2.165394
6.378822
0.640583
5.760155
3.299961
3.467674
2.687702
4.271393
2.363377
0.294571
3.338013
5.635986
2.088032
11.111240
1.906242
0.961475
0.562592
2.570400
7.062893
6.014385
4.849205
5.387421
1.402416
9.885406
4.613857
4.195347
1.524525
8.931656
2.125740
1.540604
4.664440
11.089382
3.142834
5.385761
4.923534
0.582504
0.736599
5.590210
12.049713
16.882038
3.830395
2.556953
5.306110
2.380257
5.684509
0.137444
0.222588
1.104698
1.167183
0.712280
23.254967
2.494469
17.148857
3.956909
2.219353
2.239265
19.230881
0.686760
1.302910
0.563393
3.830452
6.625900
1.632042
6.243324
8.883362
31.726685
9.217644
1.679306
5.771141
9.316063
0.711937
3.165321
7.294350
0.317116
8.628845
19.817390
1.222687
0.591888
2.964020
2.537270
6.496582
6.427231
3.121376
0.426178
0.703926
1.938057
0.398598
22.072334
0.867119
0.459023
8.663521
5.771027
5.703392
6.098900
2.144508
0.903053
0.893784
18.695984
19.683723
1.815720
0.118446
1.620369
0.246964
4.437447
5.865555
19.236832
5.613441
1.335640
3.640366
8.249130
0.936699
0.668907
5.146294
1.400757
1.889420
0.229111
0.191574
18.981857
0.382805
3.086586
1.230927
0.016251
2.195320
25.701370
33.473053
3.291206
30.375023
0.569687
7.532959
0.820313
3.424988
0.391731
5.706596
1.289406
0.087891
0.536041
10.893974
1.045189
14.248924
10.005684
1.526527
5.460091
6.598091
8.599434
2.114410
8.768921
3.115654
4.484596
13.814163
7.619705
0.909920
0.155754
0.395050
3.766479
0.968056
2.313080
4.554176
1.672783
8.143616
11.620216
4.480133
7.366676
0.973549
3.222313
2.267761
1.542778
4.576378
14.123383
1.989098
6.864738
2.192345
19.609108
1.152649
6.274109
0.096474
0.074615
5.701447
16.860924
2.010956
0.814705
0.060196
2.200127
43.129234
10.662918
7.410965
8.485909
13.035164
4.872437
10.331154
4.497528
2.631569
1.502724
3.716469
2.398911
5.999336
4.132576
7.417488
10.007057
15.603218
1.011086
0.585251
4.226761
1.779327
15.061111
6.836815
0.574036
1.572647
9.860229
9.253693
6.293564
6.494751
0.574036
1.836090
0.562820
0.550690
10.168304
0.427094
0.013275
1.282654
13.058853
1.058350
1.571274
4.881134
5.277328
8.140182
8.005829
4.335709
1.632843
4.993744
2.604675
0.847778
3.577881
1.728745
1.708832
9.298096
0.531693
3.836975
2.085571
10.377045
1.006165
2.865601
17.938843
3.669434
0.235519
12.602692
6.432037
0.128174
5.305939
9.734802
1.603775
1.891251
4.890518
6.677628
6.290817
0.213089
2.286072
1.995163
0.731277
3.134995
2.350616
1.025391
0.058594
29.926529
0.651398
0.710220
1.476059
7.971268
8.103790
3.395920
0.066147
2.935638
10.994339
6.667557
4.281006
5.127640
4.584045
2.382889
21.164474
3.774719
0.235748
0.214233
6.882935
5.899200
1.436234
1.566696
0.197525
14.032288
0.705185
7.755890
5.395203
6.776276
0.567398
7.275925
3.233643
2.546310
30.568542
0.819626
8.100128
11.999817
15.483170
0.557785
2.700806
5.097885
4.907913
3.183517
2.135696
0.956268
2.038651
2.439194
1.867905
3.754807
5.060806
8.556747
1.669922
0.560989
12.089767
2.624817
2.325211
6.879730
2.255173
0.501938
10.946732
0.670395
8.208618
0.891495
3.475113
12.499924
2.012329
0.515213
0.016479
0.802231
0.619354
0.253372
2.427979
5.408020
0.215149
7.216873
4.044342
5.431137
1.647263
4.823914
0.842285
3.878174
3.884354
13.976669
1.553879
2.947311
11.391449
22.233582
7.716980
3.760986
1.930389
0.142365
10.384369
5.411682
11.107864
3.365707
8.070831
9.586029
23.402939
43.371048
1.303024
5.095825
4.274826
12.233734
1.382446
6.534348
10.867310
0.502396
0.207825
0.704956
0.865860
0.795593
0.481796
3.148499
19.413300
0.275574
0.437622
2.061768
1.380844
2.882996
5.415115
7.013626
1.385193
3.984833
1.208725
2.755737
8.232880
4.047089
6.769867
1.525726
2.221527
0.182877
1.631470
0.953751
3.481293
1.675873
1.945953
4.263840
1.900177
7.200623
6.386490
18.797150
0.587540
4.552002
1.798096
1.173706
3.152618
1.868134
4.956894
0.673599
3.230896
5.944519
0.154037
3.051682
0.295715
0.748444
3.121262
3.189468
7.120972
8.069687
2.154465
7.766876
5.472336
2.806778
0.362549
0.280151
7.322388
9.891357
3.768082
5.380096
4.315567
8.727264
1.935425
0.484772
1.286774
3.529129
3.126984
3.152161
0.277863
9.571838
4.908829
3.433228
6.246414
0.925369
12.966843
14.067535
13.822861
6.692963
4.173660
8.830261
1.944580
2.364120
0.865860
4.686813
1.544037
5.894623
3.491821
2.481766
1.184006
10.515289
0.289307
8.518066
13.334198
7.139969
10.837784
0.235062
7.049103
7.440720
2.240524
5.294037
4.275284
3.974075
5.500031
6.751099
11.136017
8.215027
4.375076
1.274643
9.194412
5.030365
0.440369
2.505112
0.750732
2.128830
2.192230
3.048477
5.395889
3.953705
5.901260
8.355789
2.410126
8.240662
0.006409
0.354538
0.230942
0.091782
2.696686
0.333252
11.897049
17.564621
9.712372
0.922394
2.804031
3.612213
5.547180
0.450211
3.403931
35.924149
0.288391
14.607697
4.084396
6.187363
3.837204
0.048981
32.205734
6.250534
6.568451
17.479477
4.571686
4.318314
4.721603
1.848679
7.259216
1.298904
2.211227
1.602631
0.309219
2.188339
0.041656
4.511032
5.945892
5.694351
11.797256
15.887833
3.765793
0.590744
12.777100
0.154724
0.586166
9.908524
11.896591
4.456558
1.985779
2.145309
2.490692
2.647018
3.843842
0.652313
2.617493
1.952362
0.520477
1.870193
5.152130
7.376175
3.229980
0.101395
2.418823
1.119003
20.899887
8.839188
17.029037
24.353714
1.240311
3.085098
1.574936
1.233673
14.253387
7.484665
17.932205
1.331863
5.568237
3.712234
2.945709
10.301285
3.124008
0.511780
2.405548
12.602692
1.706543
2.474899
1.832886
1.174393
2.279892
5.900345
9.346390
19.617691
2.949371
12.761993
0.090637
8.589478
5.883179
3.265686
2.724152
5.491333
1.443329
7.702789
1.820068
3.729401
13.011475
2.662811
1.294556
21.230164
0.466461
5.435944
13.549805
1.304169
1.589355
1.099091
6.540070
6.771698
2.226105
4.622955
0.222931
4.825745
4.486084
7.321014
4.348755
2.976837
1.804504
4.722748
3.018951
4.614258
5.952301
1.017151
4.819794
1.454315
12.908478
0.253601
1.015778
37.191925
1.140747
7.733917
1.625519
3.119659
0.508118
0.866089
17.834930
4.603271
3.144379
9.997559
0.414276
3.541718
15.987854
6.220093
11.758575
4.821625
2.284698
1.003418
0.095215
0.482483
2.766724
6.295624
6.027374
15.697632
2.025604
7.374115
1.562347
1.451111
1.593018
3.212128
9.904175
0.786896
5.495453
0.295258
6.672363
3.728943
21.994629
10.565186
2.985992
12.852631
2.986450
1.755981
2.302094
2.048492
5.332031
7.278442
5.624542
0.005493
3.068390
19.830322
7.826843
4.624786
8.339081
0.802002
4.181671
15.423431
4.116669
0.591431
4.078217
16.774750
10.443878
3.215790
0.823975
1.182404
4.144135
6.371613
7.205658
1.496429
5.670776
4.097443
0.043945
1.234589
0.041656
0.926056
5.950470
14.574280
3.880463
18.808594
8.827057
7.280731
5.051422
1.975708
3.078003
2.094727
7.235413
1.750031
5.288086
17.496185
13.642731
1.507874
11.691742
0.083771
4.093323
8.768463
0.747986
4.785004
1.377411
8.645325
7.846069
3.834229
11.764984
9.437714
16.758728
1.751404
1.092224
3.618622
3.967896
0.492096
0.570374
2.571716
1.376953
0.063629
1.150360
10.018158
1.281738
0.027466
2.385864
8.225098
0.970459
3.923035
10.574799
0.064545
3.808136
2.732849
2.789612
0.655060
3.835144
0.810699
1.247864
3.321533
1.765137
20.912476
8.278656
3.998108
4.535522
0.092010
4.304810
17.089691
6.976318
1.815491
1.441498
2.487030
10.368805
1.731720
6.523590
7.195129
7.021637
14.124756
0.874329
5.832825
4.749756
7.038574
5.988922
3.102722
1.912537
1.826019
0.946198
13.999786
6.227875
2.572632
0.011444
8.696136
0.376282
0.550232
16.287231
2.915955
3.284454
3.411713
5.587463
12.191620
10.023651
1.548157
7.451019
4.840851
3.454285
3.948669
6.182098
0.807037
7.559052
3.461609
7.378693
7.529297
2.720032
11.825409
16.099548
5.142517
1.816406
21.174316
1.807251
0.317688
2.466888
1.111908
3.719330
3.169098
0.225220
0.645905
21.378479
1.733093
10.138092
3.049164
5.483093
0.907745
16.416321
2.308502
2.908630
0.710907
1.359558
3.593903
8.945618
0.320892
5.233154
